NIFTY18AUGFUT.NFO,2018-08-02, 9:30:59,11330.0,11332.0,11327.3,11329.0,18975.0,2.5986E7,162.0
NIFTY18AUGFUT.NFO,2018-08-09,14:30:59,11490.3,11492.0,11489.8,11491.0,6450.0,2.84526E7,162.0
NIFTY18AUGFUT.NFO,2018-08-09, 9:30:59,11485.0,11487.2,11484.2,11484.2,16800.0,2.7920176E7,-74.20000000000073
NIFTY18AUGFUT.NFO,2018-08-16,14:30:59,11415.3,11415.3,11410.0,11410.0,23400.0,2.942595E7,-74.20000000000073
NIFTY18AUGFUT.NFO,2018-08-16, 9:30:59,11420.0,11420.9,11416.3,11417.0,64500.0,2.8599676E7,179.89999999999964
NIFTY18AUGFUT.NFO,2018-08-23,14:30:59,11595.0,11597.0,11595.0,11596.9,8475.0,3.1061024E7,179.89999999999964
NIFTY18AUGFUT.NFO,2018-08-23, 9:30:59,11590.2,11590.2,11585.2,11588.0,32550.0,3.04563E7,78.39999999999964
NIFTY18AUGFUT.NFO,2018-08-30,14:30:59,11664.0,11667.3,11663.5,11666.4,21075.0,1.45881E7,78.39999999999964
NIFTY18AUGFUT.NFO,2018-08-30, 9:30:59,11680.0,11680.0,11674.7,11676.0,54000.0,1.6168125E7,-28.799999999999272
NIFTY18NOVFUT.NFO,2018-09-06,14:30:59,11652.0,11654.8,11647.2,11647.2,375.0,78375.0,-28.799999999999272
NIFTY18NOVFUT.NFO,2018-09-06, 9:30:59,11602.7,11602.7,11602.7,11602.7,75.0,74700.0,-91.80000000000109
NIFTY18NOVFUT.NFO,2018-09-12,14:30:59,11505.2,11515.0,11505.0,11510.9,450.0,218475.0,-91.80000000000109
NIFTY18NOVFUT.NFO,2018-09-12, 9:30:59,11411.4,11414.0,11411.4,11414.0,75.0,153975.0,-61.5
NIFTY18NOVFUT.NFO,2018-09-19,14:30:59,11355.0,11355.0,11351.0,11352.5,375.0,298275.0,-61.5
NIFTY18OCTFUT.NFO,2018-09-19, 9:30:59,11382.6,11383.5,11378.0,11378.0,2550.0,1444050.0,-237.20000000000073
NIFTY18NOVFUT.NFO,2018-09-26,14:30:59,11140.0,11140.8,11140.0,11140.8,225.0,602775.0,-237.20000000000073
NIFTY18NOVFUT.NFO,2018-09-26, 9:30:59,11177.5,11182.0,11177.5,11182.0,375.0,485775.0,-114.5
NIFTY18NOVFUT.NFO,2018-09-27,14:30:59,11071.2,11071.2,11065.0,11067.5,2850.0,649800.0,-114.5
NIFTY18NOVFUT.NFO,2018-09-27, 9:30:59,11169.3,11169.5,11163.0,11167.7,225.0,606675.0,-440.2000000000007
NIFTY18NOVFUT.NFO,2018-10-04,14:30:59,10729.0,10729.5,10723.8,10727.5,2250.0,1179675.0,-440.2000000000007
NIFTY18DECFUT.NFO,2018-10-04, 9:30:59,10850.0,10850.0,10840.1,10840.1,825.0,177675.0,-536.3000000000011
NIFTY18DECFUT.NFO,2018-10-11,14:30:59,10302.8,10305.8,10297.1,10303.8,1875.0,277125.0,-536.3000000000011
NIFTY18DECFUT.NFO,2018-10-11, 9:30:59,10296.0,10303.7,10292.6,10295.7,4650.0,264375.0,302.2999999999993
NIFTY18DECFUT.NFO,2018-10-17,14:30:59,10595.0,10598.0,10595.0,10598.0,975.0,342675.0,302.2999999999993
NIFTY18DECFUT.NFO,2018-10-17, 9:30:59,10750.5,10750.5,10740.0,10740.0,150.0,350400.0,-501.5
NIFTY18DECFUT.NFO,2018-10-24,14:30:59,10231.3,10241.0,10231.3,10238.5,150.0,517350.0,-501.5
NIFTY18DECFUT.NFO,2018-10-24, 9:30:59,10330.0,10336.0,10330.0,10333.0,750.0,417225.0,-140.10000000000036
NIFTY18NOVFUT.NFO,2018-10-25,14:30:59,10191.5,10193.2,10190.8,10192.9,19575.0,2.1485624E7,-140.10000000000036
NIFTY18DECFUT.NFO,2018-10-25, 9:30:59,10244.4,10244.4,10235.0,10235.0,750.0,535725.0,223.5
NIFTY18DECFUT.NFO,2018-11-01,14:30:59,10444.0,10458.5,10444.0,10458.5,900.0,887925.0,223.5
NIFTY18DECFUT.NFO,2018-11-01, 9:30:59,10455.0,10455.0,10445.0,10448.0,1650.0,886125.0,136.0
NIFTY18DECFUT.NFO,2018-11-06,14:30:59,10579.8,10587.0,10579.5,10584.0,825.0,915150.0,136.0
NIFTY18DECFUT.NFO,2018-11-06, 9:30:59,10652.0,10657.3,10651.4,10652.9,2175.0,909375.0,-9.899999999999636
NIFTY18DECFUT.NFO,2018-11-13,14:30:59,10642.5,10645.6,10642.0,10643.0,1350.0,1067250.0,-9.899999999999636
NIFTY18DECFUT.NFO,2018-11-13, 9:30:59,10535.0,10535.0,10530.0,10530.0,750.0,1006725.0,150.0
NIFTY18DECFUT.NFO,2018-11-15,14:30:59,10681.5,10681.5,10680.0,10680.0,300.0,1235325.0,150.0
NIFTY18DECFUT.NFO,2018-11-15, 9:30:59,10654.0,10654.0,10650.0,10650.0,750.0,1164900.0,-50.70000000000073
NIFTY18DECFUT.NFO,2018-11-22,14:30:59,10606.0,10606.0,10596.3,10599.3,2325.0,2448450.0,-50.70000000000073
NIFTY18DECFUT.NFO,2018-11-22, 9:30:59,10663.3,10668.0,10662.3,10668.0,4200.0,2051100.0,229.5
NIFTY18DECFUT.NFO,2018-11-29,14:30:59,10897.1,10899.2,10896.0,10897.5,12825.0,1.8275924E7,229.5
NIFTY18DECFUT.NFO,2018-11-29, 9:30:59,10825.2,10830.6,10825.2,10828.0,129150.0,1.26348E7,-181.20000000000073
NIFTY18DECFUT.NFO,2018-12-06,14:30:59,10643.0,10647.5,10642.0,10646.8,28275.0,2.17188E7,-181.20000000000073
NIFTY18DECFUT.NFO,2018-12-06, 9:30:59,10723.9,10724.8,10719.5,10719.5,46500.0,2.0535376E7,72.5
NIFTY18DECFUT.NFO,2018-12-13,14:30:59,10801.2,10802.0,10792.0,10792.0,42000.0,2.26911E7,72.5
NIFTY18DECFUT.NFO,2018-12-13, 9:30:59,10841.0,10842.0,10838.5,10839.0,29250.0,2.1938176E7,118.29999999999927
NIFTY18DECFUT.NFO,2018-12-20,14:30:59,10953.5,10957.4,10952.5,10957.3,30450.0,2.1653776E7,118.29999999999927
NIFTY18DECFUT.NFO,2018-12-20, 9:30:59,10926.8,10931.0,10925.8,10930.7,28650.0,2.12466E7,-145.70000000000073
NIFTY18DECFUT.NFO,2018-12-27,14:30:59,10782.5,10785.0,10780.0,10785.0,48300.0,1.19253E7,-145.70000000000073
NIFTY18DECFUT.NFO,2018-12-27, 9:30:59,10797.0,10797.0,10793.0,10795.0,41775.0,1.1247525E7,-37.70000000000073
NIFTY19FEBFUT.NFO,2019-01-03,14:30:59,10759.2,10759.2,10757.3,10757.3,150.0,771150.0,-37.70000000000073
NIFTY19FEBFUT.NFO,2019-01-03, 9:30:59,10839.9,10840.0,10835.4,10839.5,1800.0,664200.0,44.5
NIFTY19FEBFUT.NFO,2019-01-10,14:30:59,10877.5,10884.0,10877.5,10884.0,150.0,1144875.0,44.5
NIFTY19FEBFUT.NFO,2019-01-10, 9:30:59,10902.0,10912.6,10902.0,10911.3,225.0,1139250.0,48.70000000000073
NIFTY19FEBFUT.NFO,2019-01-17,14:30:59,10958.6,10964.0,10958.6,10960.0,2400.0,2414025.0,48.70000000000073
NIFTY19FEBFUT.NFO,2019-01-17, 9:30:59,10960.0,10960.0,10958.0,10959.4,1425.0,2153700.0,-79.39999999999964
NIFTY19FEBFUT.NFO,2019-01-24,14:30:59,10882.5,10885.8,10879.5,10880.0,2700.0,2927475.0,-79.39999999999964
NIFTY19FEBFUT.NFO,2019-01-24, 9:30:59,10869.0,10869.0,10860.3,10862.0,5175.0,2606625.0,-28.0
NIFTY19FEBFUT.NFO,2019-01-31,14:30:59,10830.1,10835.0,10830.1,10834.0,9375.0,1.6818376E7,-28.0
NIFTY19FEBFUT.NFO,2019-01-31, 9:30:59,10735.0,10738.0,10735.0,10738.0,18600.0,1.2771E7,438.5
NIFTY19APRFUT.NFO,2019-02-07,14:30:59,11172.5,11176.5,11172.5,11176.5,225.0,91875.0,438.5
NIFTY19APRFUT.NFO,2019-02-07, 9:30:59,11171.0,11171.0,11170.8,11170.8,75.0,85125.0,-378.5
NIFTY19FEBFUT.NFO,2019-02-14,14:30:59,10787.7,10792.3,10787.0,10792.3,27150.0,2.3300924E7,-378.5
NIFTY19APRFUT.NFO,2019-02-14, 9:30:59,10865.0,10865.0,10864.0,10864.0,75.0,123150.0,-41.0
NIFTY19FEBFUT.NFO,2019-02-21,14:30:59,10822.0,10826.0,10820.6,10823.0,11850.0,2.2758076E7,-41.0
NIFTY19APRFUT.NFO,2019-02-21, 9:30:59,10839.0,10839.1,10839.0,10839.1,225.0,246000.0,90.89999999999964
NIFTY19APRFUT.NFO,2019-02-28,14:30:59,10930.0,10930.0,10930.0,10930.0,75.0,576300.0,90.89999999999964
NIFTY19APRFUT.NFO,2019-02-28, 9:30:59,10915.3,10915.3,10906.3,10908.5,525.0,491250.0,269.2999999999993
NIFTY19APRFUT.NFO,2019-03-07,14:30:59,11167.7,11178.0,11167.7,11177.8,3750.0,910275.0,269.2999999999993
NIFTY19APRFUT.NFO,2019-03-07, 9:30:59,11135.0,11135.0,11130.0,11130.0,300.0,881325.0,315.10000000000036
NIFTY19APRFUT.NFO,2019-03-14,14:30:59,11449.7,11450.0,11444.7,11445.1,2475.0,1883025.0,315.10000000000036
NIFTY19APRFUT.NFO,2019-03-14, 9:30:59,11448.0,11448.0,11445.2,11445.2,450.0,1802400.0,176.29999999999927
NIFTY19APRFUT.NFO,2019-03-20,14:30:59,11618.2,11622.0,11618.2,11621.5,1875.0,3375450.0,176.29999999999927
NIFTY19APRFUT.NFO,2019-03-20, 9:30:59,11610.7,11610.7,11607.0,11607.9,2025.0,3052275.0,-72.39999999999964
NIFTY19APRFUT.NFO,2019-03-27,14:30:59,11542.7,11543.5,11532.5,11535.5,16950.0,1.3762125E7,-72.39999999999964
NIFTY19APRFUT.NFO,2019-03-27, 9:30:59,11613.9,11614.0,11609.1,11609.5,13275.0,1.12677E7,19.5
NIFTY19APRFUT.NFO,2019-03-28,14:30:59,11624.0,11630.0,11622.3,11629.0,25800.0,1.6372725E7,19.5
NIFTY19APRFUT.NFO,2019-03-28, 9:30:59,11552.0,11552.0,11546.7,11548.0,13800.0,1.430505E7,114.79999999999927
NIFTY19APRFUT.NFO,2019-04-04,14:30:59,11666.7,11668.4,11659.4,11662.8,61350.0,1.6044075E7,114.79999999999927
NIFTY19APRFUT.NFO,2019-04-04, 9:30:59,11708.8,11712.7,11708.8,11712.4,17700.0,1.566825E7,-57.399999999999636
NIFTY19APRFUT.NFO,2019-04-11,14:30:59,11648.0,11659.0,11648.0,11655.0,50700.0,1.59954E7,-57.399999999999636
NIFTY19APRFUT.NFO,2019-04-11, 9:30:59,11650.2,11650.2,11645.4,11647.3,28950.0,1.57308E7,150.3000000000011
NIFTY19APRFUT.NFO,2019-04-18,14:30:59,11799.0,11799.5,11796.2,11797.6,8850.0,1.6385025E7,150.3000000000011
NIFTY19APRFUT.NFO,2019-04-18, 9:30:59,11835.5,11838.0,11834.5,11837.7,38325.0,1.5944175E7,-113.70000000000073
NIFTY19APRFUT.NFO,2019-04-25,14:30:59,11728.5,11729.9,11721.3,11724.0,19200.0,8491800.0,-113.70000000000073
NIFTY19APRFUT.NFO,2019-04-25, 9:30:59,11741.5,11743.9,11741.5,11743.3,25425.0,9168150.0,92.70000000000073
NIFTY19JUNFUT.NFO,2019-05-02,14:30:59,11837.6,11840.0,11836.0,11836.0,375.0,976650.0,92.70000000000073
NIFTY19JULFUT.NFO,2019-05-02, 9:30:59,11820.0,11820.0,11806.0,11811.8,375.0,9375.0,-376.7999999999993
NIFTY19JULFUT.NFO,2019-05-09,14:30:59,11428.9,11435.0,11428.9,11435.0,75.0,74250.0,-376.7999999999993
NIFTY19JULFUT.NFO,2019-05-09, 9:30:59,11430.6,11430.6,11430.0,11430.0,75.0,71100.0,-70.79999999999927
NIFTY19JULFUT.NFO,2019-05-16,14:30:59,11339.8,11361.9,11339.8,11359.2,1125.0,115950.0,-70.79999999999927
NIFTY19JUNFUT.NFO,2019-05-16, 9:30:59,11222.8,11226.6,11221.5,11225.4,1425.0,1613625.0,674.6000000000004
NIFTY19JULFUT.NFO,2019-05-23,14:30:59,11906.5,11906.5,11900.0,11900.0,75.0,189075.0,674.6000000000004
NIFTY19JULFUT.NFO,2019-05-23, 9:30:59,12050.0,12050.0,12013.0,12013.0,825.0,175875.0,-27.0
NIFTY19JUNFUT.NFO,2019-05-30,14:30:59,11984.5,11988.1,11983.9,11986.0,13650.0,1.7982676E7,-27.0
NIFTY19JULFUT.NFO,2019-05-30, 9:30:59,11938.8,11945.1,11938.8,11939.9,1650.0,301575.0,30.0
NIFTY19AUGFUT.NFO,2019-06-06,14:30:59,11966.5,11969.9,11966.5,11969.9,75.0,58275.0,30.0
NIFTY19AUGFUT.NFO,2019-06-06, 9:30:59,12110.6,12110.6,12102.1,12102.1,150.0,54675.0,-156.8000000000011
NIFTY19JULFUT.NFO,2019-06-13,14:30:59,11945.0,11950.0,11945.0,11945.3,1125.0,1323075.0,-156.8000000000011
NIFTY19AUGFUT.NFO,2019-06-13, 9:30:59,11984.9,11987.0,11979.4,11979.4,300.0,81675.0,-109.29999999999927
NIFTY19AUGFUT.NFO,2019-06-20,14:30:59,11866.7,11870.1,11866.7,11870.1,75.0,146775.0,-109.29999999999927
NIFTY19AUGFUT.NFO,2019-06-20, 9:30:59,11748.0,11763.0,11748.0,11763.0,150.0,136425.0,212.29999999999927
NIFTY19AUGFUT.NFO,2019-06-27,14:30:59,11974.9,11975.3,11974.9,11975.3,75.0,661950.0,212.29999999999927
NIFTY19AUGFUT.NFO,2019-06-27, 9:30:59,11985.0,11985.0,11979.3,11983.0,675.0,542400.0,47.79999999999927
NIFTY19AUGFUT.NFO,2019-07-04,14:30:59,12032.3,12033.8,12030.8,12030.8,150.0,1371000.0,47.79999999999927
NIFTY19AUGFUT.NFO,2019-07-04, 9:30:59,12028.0,12032.4,12028.0,12031.0,375.0,1294575.0,-384.2999999999993
NIFTY19AUGFUT.NFO,2019-07-11,14:30:59,11648.8,11649.5,11645.7,11646.7,1050.0,3100125.0,-384.2999999999993
NIFTY19AUGFUT.NFO,2019-07-11, 9:30:59,11592.0,11592.0,11588.3,11591.3,3600.0,2500575.0,88.40000000000146
NIFTY19AUGFUT.NFO,2019-07-18,14:30:59,11680.6,11680.6,11678.0,11679.7,6300.0,4374900.0,88.40000000000146
NIFTY19AUGFUT.NFO,2019-07-18, 9:30:59,11692.5,11694.1,11690.2,11692.8,975.0,4038150.0,-358.2999999999993
NIFTY19AUGFUT.NFO,2019-07-25,14:30:59,11325.0,11337.8,11323.5,11334.5,59850.0,1.566915E7,-358.2999999999993
NIFTY19AUGFUT.NFO,2019-07-25, 9:30:59,11369.1,11369.1,11359.5,11362.0,28350.0,1.10622E7,-404.89999999999964
NIFTY19AUGFUT.NFO,2019-08-01,14:30:59,10950.1,10959.3,10950.0,10957.1,57375.0,1.99968E7,-404.89999999999964
NIFTY19AUGFUT.NFO,2019-08-01, 9:30:59,11087.7,11090.2,11082.0,11082.5,52050.0,1.81755E7,-75.10000000000036
NIFTY19AUGFUT.NFO,2019-08-08,14:30:59,10993.8,11008.6,10989.0,11007.4,326175.0,1.902525E7,-75.10000000000036
NIFTY19AUGFUT.NFO,2019-08-08, 9:30:59,10896.8,10896.8,10881.2,10882.7,73500.0,1.874715E7,185.1999999999989
NIFTY19AUGFUT.NFO,2019-08-14,14:30:59,11068.3,11071.2,11067.9,11067.9,12525.0,1.83111E7,185.1999999999989
NIFTY19AUGFUT.NFO,2019-08-14, 9:30:59,10958.1,10958.1,10950.0,10952.0,71325.0,1.7750324E7,-28.899999999999636
NIFTY19AUGFUT.NFO,2019-08-21,14:30:59,10937.0,10937.0,10921.1,10923.1,135900.0,1.9648424E7,-28.899999999999636
NIFTY19AUGFUT.NFO,2019-08-21, 9:30:59,11009.0,11009.0,11001.1,11004.4,35175.0,1.87014E7,-210.89999999999964
NIFTY19AUGFUT.NFO,2019-08-22,14:30:59,10789.0,10794.7,10789.0,10793.5,17100.0,2.0494124E7,-210.89999999999964
NIFTY19AUGFUT.NFO,2019-08-22, 9:30:59,10889.0,10892.1,10881.5,10883.3,77850.0,1.9192124E7,70.70000000000073
NIFTY19AUGFUT.NFO,2019-08-29,14:30:59,10955.9,10957.9,10938.7,10954.0,193350.0,1.45248E7,70.70000000000073
NIFTY19AUGFUT.NFO,2019-08-29, 9:30:59,10978.9,10981.3,10977.0,10978.0,56775.0,1.38504E7,-12.0
NIFTY19NOVFUT.NFO,2019-09-05,14:30:59,10970.0,10970.0,10966.0,10966.0,75.0,128400.0,-12.0
NIFTY19OCTFUT.NFO,2019-09-05, 9:30:59,10965.0,10965.8,10963.0,10965.8,750.0,793950.0,127.0
NIFTY19NOVFUT.NFO,2019-09-12,14:30:59,11098.5,11098.5,11092.4,11092.8,225.0,281775.0,127.0
NIFTY19OCTFUT.NFO,2019-09-12, 9:30:59,11121.7,11128.0,11121.7,11125.7,900.0,1249875.0,-366.40000000000146
NIFTY19OCTFUT.NFO,2019-09-19,14:30:59,10757.1,10761.6,10757.1,10759.3,825.0,3546450.0,-366.40000000000146
NIFTY19NOVFUT.NFO,2019-09-19, 9:30:59,10875.0,10875.0,10869.6,10869.6,375.0,390675.0,830.3999999999996
NIFTY19NOVFUT.NFO,2019-09-26,14:30:59,11685.0,11700.0,11685.0,11700.0,3450.0,701700.0,830.3999999999996
NIFTY19NOVFUT.NFO,2019-09-26, 9:30:59,11619.0,11619.7,11616.5,11619.7,525.0,527175.0,-268.90000000000146
NIFTY19OCTFUT.NFO,2019-10-03,14:30:59,11344.8,11352.9,11344.8,11350.8,14775.0,1.6400925E7,-268.90000000000146
NIFTY19DECFUT.NFO,2019-10-03, 9:30:59,11444.8,11456.0,11444.8,11454.7,900.0,141600.0,-161.10000000000036
NIFTY19NOVFUT.NFO,2019-10-10,14:30:59,11293.2,11293.6,11290.7,11293.6,525.0,913725.0,-161.10000000000036
NIFTY19DECFUT.NFO,2019-10-10, 9:30:59,11381.3,11381.3,11379.0,11379.0,150.0,173850.0,283.0
NIFTY19DECFUT.NFO,2019-10-17,14:30:59,11660.2,11662.0,11660.2,11662.0,150.0,280275.0,283.0
NIFTY19DECFUT.NFO,2019-10-17, 9:30:59,11569.4,11571.9,11569.4,11571.8,525.0,269775.0,98.20000000000073
NIFTY19DECFUT.NFO,2019-10-24,14:30:59,11674.8,11674.8,11670.0,11670.0,75.0,358350.0,98.20000000000073
NIFTY19DECFUT.NFO,2019-10-24, 9:30:59,11748.3,11748.3,11745.0,11747.4,150.0,369750.0,267.3000000000011
NIFTY19DECFUT.NFO,2019-10-31,14:30:59,12014.0,12014.7,12012.1,12014.7,900.0,505800.0,267.3000000000011
NIFTY19DECFUT.NFO,2019-10-31, 9:30:59,11993.7,11996.2,11993.6,11993.8,450.0,371100.0,95.40000000000146
NIFTY19DECFUT.NFO,2019-11-07,14:30:59,12088.0,12090.1,12088.0,12089.2,600.0,683250.0,95.40000000000146
NIFTY19DECFUT.NFO,2019-11-07, 9:30:59,12071.0,12072.9,12068.8,12072.8,1425.0,668100.0,-167.59999999999854
NIFTY19DECFUT.NFO,2019-11-14,14:30:59,11907.8,11907.8,11905.2,11905.2,75.0,741450.0,-167.59999999999854
NIFTY19DECFUT.NFO,2019-11-14, 9:30:59,11882.5,11882.5,11877.0,11880.0,1800.0,703875.0,171.0
NIFTY19DECFUT.NFO,2019-11-21,14:30:59,12041.8,12052.2,12041.5,12051.0,3600.0,1544700.0,171.0
NIFTY19DECFUT.NFO,2019-11-21, 9:30:59,12045.0,12046.4,12040.5,12040.5,2625.0,1191450.0,115.79999999999927
NIFTY19DECFUT.NFO,2019-11-28,14:30:59,12156.0,12158.8,12155.1,12156.3,11100.0,1.4396475E7,115.79999999999927
NIFTY19DECFUT.NFO,2019-11-28, 9:30:59,12149.0,12149.9,12148.8,12149.9,29325.0,1.134495E7,-83.39999999999964
NIFTY19DECFUT.NFO,2019-12-05,14:30:59,12071.3,12071.3,12065.3,12066.5,28050.0,1.41849E7,-83.39999999999964
NIFTY19DECFUT.NFO,2019-12-05, 9:30:59,12092.0,12093.0,12090.5,12091.2,40950.0,1.3819275E7,-67.30000000000109
NIFTY19DECFUT.NFO,2019-12-12,14:30:59,12023.1,12024.5,12022.1,12023.9,14250.0,1.450785E7,-67.30000000000109
NIFTY19DECFUT.NFO,2019-12-12, 9:30:59,11982.0,11988.8,11980.4,11987.1,75900.0,1.3648125E7,276.60000000000036
NIFTY19DECFUT.NFO,2019-12-19,14:30:59,12263.8,12264.9,12260.7,12263.7,7650.0,1.4057025E7,276.60000000000036
NIFTY19DECFUT.NFO,2019-12-19, 9:30:59,12225.0,12225.3,12223.3,12223.5,20400.0,1.3491375E7,-43.20000000000073
NIFTY19DECFUT.NFO,2019-12-26,14:30:59,12179.5,12180.9,12179.0,12180.3,20925.0,8558025.0,-43.20000000000073
NIFTY19DECFUT.NFO,2019-12-26, 9:30:59,12209.0,12210.1,12207.1,12209.5,19800.0,7493250.0,156.29999999999927
NIFTY20FEBFUT.NFO,2020-01-02,14:30:59,12369.0,12369.0,12365.8,12365.8,150.0,976575.0,156.29999999999927
NIFTY20FEBFUT.NFO,2020-01-02, 9:30:59,12318.2,12322.1,12316.0,12322.1,1500.0,962550.0,-22.80000000000109
NIFTY20FEBFUT.NFO,2020-01-09,14:30:59,12299.0,12299.3,12299.0,12299.3,75.0,1176750.0,-22.80000000000109
NIFTY20FEBFUT.NFO,2020-01-09, 9:30:59,12242.0,12242.0,12226.7,12226.7,5850.0,1074600.0,153.29999999999927
NIFTY20JANFUT.NFO,2020-01-16,14:30:59,12380.3,12380.5,12379.3,12380.0,2700.0,1.3713525E7,153.29999999999927
NIFTY20FEBFUT.NFO,2020-01-16, 9:30:59,12428.0,12430.0,12428.0,12430.0,300.0,1204800.0,-206.70000000000073
NIFTY20FEBFUT.NFO,2020-01-23,14:30:59,12228.0,12231.4,12223.3,12223.3,2325.0,1868550.0,-206.70000000000073
NIFTY20FEBFUT.NFO,2020-01-23, 9:30:59,12194.0,12195.5,12194.0,12194.3,450.0,1593000.0,-143.59999999999854
NIFTY20FEBFUT.NFO,2020-01-30,14:30:59,12046.9,12053.5,12045.8,12050.7,25650.0,1.074735E7,-143.59999999999854
NIFTY20FEBFUT.NFO,2020-01-30, 9:30:59,12108.9,12108.9,12105.0,12105.5,28950.0,6565425.0,33.5
NIFTY20FEBFUT.NFO,2020-02-06,14:30:59,12138.7,12141.0,12134.0,12139.0,19050.0,1.48647E7,33.5
NIFTY20APRFUT.NFO,2020-02-06, 9:30:59,12181.0,12181.0,12176.6,12176.6,375.0,121575.0,57.100000000000364
NIFTY20APRFUT.NFO,2020-02-13,14:30:59,12229.2,12233.7,12229.2,12233.7,75.0,197550.0,57.100000000000364
NIFTY20APRFUT.NFO,2020-02-13, 9:30:59,12256.3,12256.3,12254.0,12254.0,375.0,197550.0,-132.5
NIFTY20FEBFUT.NFO,2020-02-20,14:30:59,12122.2,12123.0,12120.2,12121.5,4125.0,1.2405E7,-132.5
NIFTY20FEBFUT.NFO,2020-02-20, 9:30:59,12133.0,12133.0,12126.6,12127.0,27750.0,1.21263E7,-491.0
NIFTY20APRFUT.NFO,2020-02-27,14:30:59,11638.0,11638.0,11632.0,11636.0,1500.0,581025.0,-491.0
NIFTY20APRFUT.NFO,2020-02-27, 9:30:59,11683.0,11685.6,11682.2,11683.0,1050.0,496275.0,-374.0
NIFTY20APRFUT.NFO,2020-03-05,14:30:59,11327.0,11327.0,11304.0,11309.0,8550.0,1653900.0,-374.0
NIFTY20APRFUT.NFO,2020-03-05, 9:30:59,11317.4,11317.4,11303.5,11307.5,1950.0,1473225.0,-1627.3999999999996
NIFTY20APRFUT.NFO,2020-03-12,14:30:59,9695.0,9702.0,9675.4,9680.1,25725.0,2076900.0,-1627.3999999999996
NIFTY20APRFUT.NFO,2020-03-12, 9:30:59,9990.4,9997.7,9986.7,9997.7,5925.0,1944750.0,-1611.1500000000015
NIFTY20APRFUT.NFO,2020-03-19,14:30:59,8408.35,8408.35,8374.0,8386.55,9825.0,4678275.0,-1611.1500000000015
NIFTY20APRFUT.NFO,2020-03-19, 9:30:59,7920.4,7930.7,7890.0,7890.05,57000.0,4221375.0,737.3000000000002
NIFTY20APRFUT.NFO,2020-03-26,14:30:59,8592.2,8633.45,8590.25,8627.35,118650.0,1.101405E7,737.3000000000002
NIFTY20APRFUT.NFO,2020-03-26, 9:30:59,8487.9,8526.8,8483.15,8490.85,93825.0,7527900.0,-266.60000000000036
NIFTY20APRFUT.NFO,2020-04-01,14:30:59,8216.4,8228.0,8211.65,8224.25,47475.0,1.107555E7,-266.60000000000036
NIFTY20APRFUT.NFO,2020-04-01, 9:30:59,8469.3,8470.0,8453.3,8455.0,126975.0,1.0296375E7,277.60000000000036
NIFTY20APRFUT.NFO,2020-04-08,14:30:59,8732.4,8736.5,8722.1,8732.6,39675.0,1.065345E7,277.60000000000036
NIFTY20APRFUT.NFO,2020-04-08, 9:30:59,8815.35,8836.0,8812.0,8836.0,160200.0,9774600.0,162.45000000000073
NIFTY20APRFUT.NFO,2020-04-09,14:30:59,8993.1,8998.95,8985.55,8998.45,45525.0,1.0594125E7,162.45000000000073
NIFTY20APRFUT.NFO,2020-04-09, 9:30:59,8975.1,8996.65,8975.1,8996.65,101550.0,9537375.0,71.95000000000073
NIFTY20APRFUT.NFO,2020-04-16,14:30:59,9078.6,9078.6,9066.55,9068.6,63450.0,1.0305525E7,71.95000000000073
NIFTY20APRFUT.NFO,2020-04-16, 9:30:59,8859.55,8859.55,8845.9,8850.0,91125.0,9477075.0,413.0
NIFTY20APRFUT.NFO,2020-04-23,14:30:59,9271.8,9271.8,9256.7,9263.0,81975.0,1.022985E7,413.0
NIFTY20APRFUT.NFO,2020-04-23, 9:30:59,9200.0,9202.4,9190.55,9193.3,62325.0,9752550.0,591.8000000000011
NIFTY20APRFUT.NFO,2020-04-30,14:30:59,9790.0,9795.0,9783.1,9785.1,58725.0,5887875.0,591.8000000000011
NIFTY20APRFUT.NFO,2020-04-30, 9:30:59,9755.35,9761.8,9749.05,9761.8,71250.0,5260425.0,-526.7999999999993
NIFTY20JULFUT.NFO,2020-05-07,14:30:59,9219.8,9235.0,9219.8,9235.0,75.0,47250.0,-526.7999999999993
NIFTY20JULFUT.NFO,2020-05-07, 9:30:59,9220.4,9220.4,9204.1,9204.1,375.0,42075.0,-71.0
NIFTY20JULFUT.NFO,2020-05-14,14:30:59,9140.1,9140.1,9128.05,9133.1,600.0,82650.0,-71.0
NIFTY20JULFUT.NFO,2020-05-14, 9:30:59,9284.8,9290.0,9284.8,9288.0,450.0,71400.0,-188.0
NIFTY20JULFUT.NFO,2020-05-21,14:30:59,9088.7,9100.0,9087.75,9100.0,375.0,285825.0,-188.0
NIFTY20JULFUT.NFO,2020-05-21, 9:30:59,9095.0,9100.0,9095.0,9099.95,300.0,281325.0,300.0499999999993
NIFTY20JULFUT.NFO,2020-05-28,14:30:59,9404.3,9404.3,9396.4,9400.0,975.0,488025.0,300.0499999999993
NIFTY20JULFUT.NFO,2020-05-28, 9:30:59,9343.9,9350.0,9343.9,9350.0,975.0,427350.0,665.0
NIFTY20JULFUT.NFO,2020-06-04,14:30:59,10011.0,10015.0,10011.0,10015.0,225.0,850500.0,665.0
NIFTY20JULFUT.NFO,2020-06-04, 9:30:59,10070.1,10073.4,10070.1,10070.1,975.0,866400.0,-166.0
NIFTY20JULFUT.NFO,2020-06-11,14:30:59,9910.0,9910.0,9901.45,9904.1,1350.0,929325.0,-166.0
NIFTY20JULFUT.NFO,2020-06-11, 9:30:59,10053.5,10053.5,10049.4,10051.3,1800.0,885525.0,11.700000000000728
NIFTY20JULFUT.NFO,2020-06-18,14:30:59,10054.2,10065.0,10054.2,10063.0,5625.0,1601550.0,11.700000000000728
NIFTY20JULFUT.NFO,2020-06-18, 9:30:59,9842.75,9843.7,9832.9,9836.0,4425.0,1435125.0,447.2000000000007
NIFTY20JULFUT.NFO,2020-06-25,14:30:59,10286.3,10297.8,10283.2,10283.2,40800.0,1.07151E7,447.2000000000007
NIFTY20JULFUT.NFO,2020-06-25, 9:30:59,10206.3,10225.8,10205.0,10225.8,51825.0,7736400.0,331.40000000000146
NIFTY20AUGFUT.NFO,2020-07-02,14:30:59,10559.4,10559.4,10556.0,10557.2,225.0,947100.0,331.40000000000146
NIFTY20AUGFUT.NFO,2020-07-02, 9:30:59,10461.5,10463.0,10459.3,10463.0,675.0,934725.0,339.7999999999993
NIFTY20AUGFUT.NFO,2020-07-09,14:30:59,10803.5,10804.0,10796.2,10802.8,525.0,1370550.0,339.7999999999993
NIFTY20AUGFUT.NFO,2020-07-09, 9:30:59,10725.4,10731.7,10725.4,10731.7,900.0,1215825.0,-71.70000000000073
NIFTY20AUGFUT.NFO,2020-07-16,14:30:59,10669.5,10669.5,10660.0,10660.0,450.0,1424925.0,-71.70000000000073
NIFTY20AUGFUT.NFO,2020-07-16, 9:30:59,10598.9,10607.4,10597.0,10600.5,2025.0,1406850.0,585.6000000000004
NIFTY20AUGFUT.NFO,2020-07-23,14:30:59,11194.5,11194.5,11180.2,11186.1,4050.0,2992800.0,585.6000000000004
NIFTY20AUGFUT.NFO,2020-07-23, 9:30:59,11154.0,11154.0,11150.7,11153.0,1125.0,2556450.0,-69.0
NIFTY20AUGFUT.NFO,2020-07-30,14:30:59,11079.0,11085.0,11077.0,11084.0,37875.0,1.0489875E7,-69.0
NIFTY20AUGFUT.NFO,2020-07-30, 9:30:59,11261.4,11262.0,11249.8,11250.9,48525.0,7852425.0,-158.89999999999964
NIFTY20AUGFUT.NFO,2020-07-31,14:30:59,11099.7,11099.8,11092.0,11092.0,26850.0,1.0821225E7,-158.89999999999964
